0	0,	0	: 0 0 0 0 0 0 0 0 0 0 0 0 0 0 0 
1	1,	4	: 4 0 0 0 0 0 0 0 0 0 0 0 0 0 0 
2	1,	4	: 0 4 0 0 0 0 0 0 0 0 0 0 0 0 0 
3	1,	4	: 0 0 4 0 0 0 0 0 0 0 0 0 0 0 0 
4	1,	4	: 0 0 0 4 0 0 0 0 0 0 0 0 0 0 0 
5	1,	4	: 0 0 0 0 4 0 0 0 0 0 0 0 0 0 0 
6	1,	4	: 0 0 0 0 0 4 0 0 0 0 0 0 0 0 0 
7	1,	4	: 0 0 0 0 0 0 4 0 0 0 0 0 0 0 0 
8	1,	4	: 0 0 0 0 0 0 0 4 0 0 0 0 0 0 0 
9	1,	4	: 0 0 0 0 0 0 0 0 4 0 0 0 0 0 0 
10	1,	4	: 0 0 0 0 0 0 0 0 0 4 0 0 0 0 0 
11	1,	4	: 0 0 0 0 0 0 0 0 0 0 4 0 0 0 0 
12	1,	4	: 0 0 0 0 0 0 0 0 0 0 0 4 0 0 0 
13	1,	4	: 0 0 0 0 0 0 0 0 0 0 0 0 4 0 0 
14	1,	2	: 0 0 0 0 0 0 0 0 0 0 0 0 0 1 1 
15	2,	1	: 1 0 0 0 0 0 0 0 0 0 0 0 0 0 0 
16	2,	1	: 0 1 0 0 0 0 0 0 0 0 0 0 0 0 0 
17	2,	1	: 0 0 1 0 0 0 0 0 0 0 0 0 0 0 0 
18	2,	1	: 0 0 0 1 0 0 0 0 0 0 0 0 0 0 0 
19	2,	1	: 0 0 0 0 1 0 0 0 0 0 0 0 0 0 0 
20	2,	1	: 0 0 0 0 0 1 0 0 0 0 0 0 0 0 0 
21	2,	1	: 0 0 0 0 0 0 1 0 0 0 0 0 0 0 0 
22	2,	1	: 0 0 0 0 0 0 0 1 0 0 0 0 0 0 0 
23	2,	1	: 0 0 0 0 0 0 0 0 1 0 0 0 0 0 0 
24	2,	1	: 0 0 0 0 0 0 0 0 0 1 0 0 0 0 0 
25	2,	1	: 0 0 0 0 0 0 0 0 0 0 1 0 0 0 0 
26	2,	1	: 0 0 0 0 0 0 0 0 0 0 0 1 0 0 0 
27	2,	1	: 0 0 0 0 0 0 0 0 0 0 0 0 1 0 0 
28	2,	1	: 0 0 0 0 0 0 0 0 0 0 0 0 0 1 0 
29	2,	1	: 0 0 0 0 0 0 0 0 0 0 0 0 0 0 1 
30	3,	2	: 2 0 0 0 0 0 0 0 0 0 0 0 0 0 0 
31	3,	2	: 0 2 0 0 0 0 0 0 0 0 0 0 0 0 0 
32	3,	2	: 0 0 2 0 0 0 0 0 0 0 0 0 0 0 0 
33	3,	2	: 0 0 0 2 0 0 0 0 0 0 0 0 0 0 0 
34	3,	2	: 0 0 0 0 2 0 0 0 0 0 0 0 0 0 0 
35	3,	2	: 0 0 0 0 0 2 0 0 0 0 0 0 0 0 0 
36	3,	2	: 0 0 0 0 0 0 2 0 0 0 0 0 0 0 0 
37	3,	2	: 0 0 0 0 0 0 0 2 0 0 0 0 0 0 0 
38	3,	2	: 0 0 0 0 0 0 0 0 2 0 0 0 0 0 0 
39	3,	2	: 0 0 0 0 0 0 0 0 0 2 0 0 0 0 0 
40	3,	2	: 0 0 0 0 0 0 0 0 0 0 2 0 0 0 0 
41	3,	2	: 0 0 0 0 0 0 0 0 0 0 0 2 0 0 0 
42	3,	2	: 0 0 0 0 0 0 0 0 0 0 0 0 2 0 0 
43	4,	3	: 3 0 0 0 0 0 0 0 0 0 0 0 0 0 0 
44	4,	3	: 0 3 0 0 0 0 0 0 0 0 0 0 0 0 0 
45	4,	3	: 0 0 3 0 0 0 0 0 0 0 0 0 0 0 0 
46	4,	3	: 0 0 0 3 0 0 0 0 0 0 0 0 0 0 0 
47	4,	3	: 0 0 0 0 3 0 0 0 0 0 0 0 0 0 0 
48	4,	3	: 0 0 0 0 0 3 0 0 0 0 0 0 0 0 0 
49	4,	3	: 0 0 0 0 0 0 3 0 0 0 0 0 0 0 0 
50	4,	3	: 0 0 0 0 0 0 0 3 0 0 0 0 0 0 0 
51	4,	3	: 0 0 0 0 0 0 0 0 3 0 0 0 0 0 0 
52	4,	3	: 0 0 0 0 0 0 0 0 0 3 0 0 0 0 0 
53	4,	3	: 0 0 0 0 0 0 0 0 0 0 3 0 0 0 0 
54	4,	3	: 0 0 0 0 0 0 0 0 0 0 0 3 0 0 0 
55	4,	3	: 0 0 0 0 0 0 0 0 0 0 0 0 3 0 0 
56	5,	4	: 3 0 0 0 0 0 0 0 0 0 0 0 0 0 0 
57	5,	4	: 0 3 0 0 0 0 0 0 0 0 0 0 0 0 0 
58	5,	4	: 0 0 3 0 0 0 0 0 0 0 0 0 0 0 0 
59	5,	4	: 0 0 0 3 0 0 0 0 0 0 0 0 0 0 0 
60	5,	4	: 0 0 0 0 3 0 0 0 0 0 0 0 0 0 0 
61	5,	4	: 0 0 0 0 0 3 0 0 0 0 0 0 0 0 0 
62	5,	4	: 0 0 0 0 0 0 3 0 0 0 0 0 0 0 0 
63	5,	4	: 0 0 0 0 0 0 0 3 0 0 0 0 0 0 0 
64	5,	4	: 0 0 0 0 0 0 0 0 3 0 0 0 0 0 0 
65	5,	4	: 0 0 0 0 0 0 0 0 0 3 0 0 0 0 0 
66	5,	4	: 0 0 0 0 0 0 0 0 0 0 3 0 0 0 0 
67	5,	4	: 0 0 0 0 0 0 0 0 0 0 0 3 0 0 0 
68	5,	4	: 0 0 0 0 0 0 0 0 0 0 0 0 3 0 0 
69	6,	5	: 3 0 0 0 0 0 0 0 0 0 0 0 0 0 0 
70	6,	5	: 0 3 0 0 0 0 0 0 0 0 0 0 0 0 0 
71	6,	5	: 0 0 3 0 0 0 0 0 0 0 0 0 0 0 0 
72	6,	5	: 0 0 0 3 0 0 0 0 0 0 0 0 0 0 0 
73	6,	5	: 0 0 0 0 3 0 0 0 0 0 0 0 0 0 0 
74	6,	5	: 0 0 0 0 0 3 0 0 0 0 0 0 0 0 0 
75	6,	5	: 0 0 0 0 0 0 3 0 0 0 0 0 0 0 0 
76	6,	5	: 0 0 0 0 0 0 0 3 0 0 0 0 0 0 0 
77	6,	5	: 0 0 0 0 0 0 0 0 3 0 0 0 0 0 0 
78	6,	5	: 0 0 0 0 0 0 0 0 0 3 0 0 0 0 0 
79	6,	5	: 0 0 0 0 0 0 0 0 0 0 3 0 0 0 0 
80	6,	5	: 0 0 0 0 0 0 0 0 0 0 0 3 0 0 0 
81	6,	5	: 0 0 0 0 0 0 0 0 0 0 0 0 3 0 0 
82	7,	6	: 4 0 0 0 0 0 0 0 0 0 0 0 0 0 0 
83	7,	6	: 0 4 0 0 0 0 0 0 0 0 0 0 0 0 0 
84	7,	6	: 0 0 4 0 0 0 0 0 0 0 0 0 0 0 0 
85	7,	6	: 0 0 0 4 0 0 0 0 0 0 0 0 0 0 0 
86	7,	6	: 0 0 0 0 4 0 0 0 0 0 0 0 0 0 0 
87	7,	6	: 0 0 0 0 0 4 0 0 0 0 0 0 0 0 0 
88	7,	6	: 0 0 0 0 0 0 4 0 0 0 0 0 0 0 0 
89	7,	6	: 0 0 0 0 0 0 0 4 0 0 0 0 0 0 0 
90	7,	6	: 0 0 0 0 0 0 0 0 4 0 0 0 0 0 0 
91	7,	6	: 0 0 0 0 0 0 0 0 0 4 0 0 0 0 0 
92	7,	6	: 0 0 0 0 0 0 0 0 0 0 4 0 0 0 0 
93	7,	6	: 0 0 0 0 0 0 0 0 0 0 0 4 0 0 0 
94	7,	6	: 0 0 0 0 0 0 0 0 0 0 0 0 4 0 0 
95	8,	8	: 4 0 0 0 0 0 0 0 0 0 0 0 0 0 0 
96	8,	8	: 0 4 0 0 0 0 0 0 0 0 0 0 0 0 0 
97	8,	8	: 0 0 4 0 0 0 0 0 0 0 0 0 0 0 0 
98	8,	8	: 0 0 0 4 0 0 0 0 0 0 0 0 0 0 0 
99	8,	8	: 0 0 0 0 4 0 0 0 0 0 0 0 0 0 0 
100	8,	8	: 0 0 0 0 0 4 0 0 0 0 0 0 0 0 0 
101	8,	8	: 0 0 0 0 0 0 4 0 0 0 0 0 0 0 0 
102	8,	8	: 0 0 0 0 0 0 0 4 0 0 0 0 0 0 0 
103	8,	8	: 0 0 0 0 0 0 0 0 4 0 0 0 0 0 0 
104	8,	8	: 0 0 0 0 0 0 0 0 0 4 0 0 0 0 0 
105	8,	8	: 0 0 0 0 0 0 0 0 0 0 4 0 0 0 0 
106	8,	8	: 0 0 0 0 0 0 0 0 0 0 0 4 0 0 0 
107	8,	8	: 0 0 0 0 0 0 0 0 0 0 0 0 4 0 0 
108	9,	5	: 1 1 1 1 1 0 0 0 0 0 0 0 0 0 0 
109	9,	6	: 1 1 1 1 1 1 0 0 0 0 0 0 0 0 0 
110	9,	7	: 1 1 1 1 1 1 1 0 0 0 0 0 0 0 0 
111	9,	8	: 1 1 1 1 1 1 1 1 0 0 0 0 0 0 0 
112	9,	9	: 1 1 1 1 1 1 1 1 1 0 0 0 0 0 0 
113	9,	10	: 1 1 1 1 1 1 1 1 1 1 0 0 0 0 0 
114	9,	11	: 1 1 1 1 1 1 1 1 1 1 1 0 0 0 0 
115	9,	12	: 1 1 1 1 1 1 1 1 1 1 1 1 0 0 0 
116	9,	5	: 0 1 1 1 1 1 0 0 0 0 0 0 0 0 0 
117	9,	6	: 0 1 1 1 1 1 1 0 0 0 0 0 0 0 0 
118	9,	7	: 0 1 1 1 1 1 1 1 0 0 0 0 0 0 0 
119	9,	8	: 0 1 1 1 1 1 1 1 1 0 0 0 0 0 0 
120	9,	9	: 0 1 1 1 1 1 1 1 1 1 0 0 0 0 0 
121	9,	10	: 0 1 1 1 1 1 1 1 1 1 1 0 0 0 0 
122	9,	11	: 0 1 1 1 1 1 1 1 1 1 1 1 0 0 0 
123	9,	5	: 0 0 1 1 1 1 1 0 0 0 0 0 0 0 0 
124	9,	6	: 0 0 1 1 1 1 1 1 0 0 0 0 0 0 0 
125	9,	7	: 0 0 1 1 1 1 1 1 1 0 0 0 0 0 0 
126	9,	8	: 0 0 1 1 1 1 1 1 1 1 0 0 0 0 0 
127	9,	9	: 0 0 1 1 1 1 1 1 1 1 1 0 0 0 0 
128	9,	10	: 0 0 1 1 1 1 1 1 1 1 1 1 0 0 0 
129	9,	5	: 0 0 0 1 1 1 1 1 0 0 0 0 0 0 0 
130	9,	6	: 0 0 0 1 1 1 1 1 1 0 0 0 0 0 0 
131	9,	7	: 0 0 0 1 1 1 1 1 1 1 0 0 0 0 0 
132	9,	8	: 0 0 0 1 1 1 1 1 1 1 1 0 0 0 0 
133	9,	9	: 0 0 0 1 1 1 1 1 1 1 1 1 0 0 0 
134	9,	5	: 0 0 0 0 1 1 1 1 1 0 0 0 0 0 0 
135	9,	6	: 0 0 0 0 1 1 1 1 1 1 0 0 0 0 0 
136	9,	7	: 0 0 0 0 1 1 1 1 1 1 1 0 0 0 0 
137	9,	8	: 0 0 0 0 1 1 1 1 1 1 1 1 0 0 0 
138	9,	5	: 0 0 0 0 0 1 1 1 1 1 0 0 0 0 0 
139	9,	6	: 0 0 0 0 0 1 1 1 1 1 1 0 0 0 0 
140	9,	7	: 0 0 0 0 0 1 1 1 1 1 1 1 0 0 0 
141	9,	5	: 0 0 0 0 0 0 1 1 1 1 1 0 0 0 0 
142	9,	6	: 0 0 0 0 0 0 1 1 1 1 1 1 0 0 0 
143	9,	5	: 0 0 0 0 0 0 0 1 1 1 1 1 0 0 0 
144	10,	6	: 2 2 2 0 0 0 0 0 0 0 0 0 0 0 0 
145	10,	8	: 2 2 2 2 0 0 0 0 0 0 0 0 0 0 0 
146	10,	10	: 2 2 2 2 2 0 0 0 0 0 0 0 0 0 0 
147	10,	12	: 2 2 2 2 2 2 0 0 0 0 0 0 0 0 0 
148	10,	14	: 2 2 2 2 2 2 2 0 0 0 0 0 0 0 0 
149	10,	16	: 2 2 2 2 2 2 2 2 0 0 0 0 0 0 0 
150	10,	18	: 2 2 2 2 2 2 2 2 2 0 0 0 0 0 0 
151	10,	20	: 2 2 2 2 2 2 2 2 2 2 0 0 0 0 0 
152	10,	6	: 0 2 2 2 0 0 0 0 0 0 0 0 0 0 0 
153	10,	8	: 0 2 2 2 2 0 0 0 0 0 0 0 0 0 0 
154	10,	10	: 0 2 2 2 2 2 0 0 0 0 0 0 0 0 0 
155	10,	12	: 0 2 2 2 2 2 2 0 0 0 0 0 0 0 0 
156	10,	14	: 0 2 2 2 2 2 2 2 0 0 0 0 0 0 0 
157	10,	16	: 0 2 2 2 2 2 2 2 2 0 0 0 0 0 0 
158	10,	18	: 0 2 2 2 2 2 2 2 2 2 0 0 0 0 0 
159	10,	20	: 0 2 2 2 2 2 2 2 2 2 2 0 0 0 0 
160	10,	6	: 0 0 2 2 2 0 0 0 0 0 0 0 0 0 0 
161	10,	8	: 0 0 2 2 2 2 0 0 0 0 0 0 0 0 0 
162	10,	10	: 0 0 2 2 2 2 2 0 0 0 0 0 0 0 0 
163	10,	12	: 0 0 2 2 2 2 2 2 0 0 0 0 0 0 0 
164	10,	14	: 0 0 2 2 2 2 2 2 2 0 0 0 0 0 0 
165	10,	16	: 0 0 2 2 2 2 2 2 2 2 0 0 0 0 0 
166	10,	18	: 0 0 2 2 2 2 2 2 2 2 2 0 0 0 0 
167	10,	20	: 0 0 2 2 2 2 2 2 2 2 2 2 0 0 0 
168	10,	6	: 0 0 0 2 2 2 0 0 0 0 0 0 0 0 0 
169	10,	8	: 0 0 0 2 2 2 2 0 0 0 0 0 0 0 0 
170	10,	10	: 0 0 0 2 2 2 2 2 0 0 0 0 0 0 0 
171	10,	12	: 0 0 0 2 2 2 2 2 2 0 0 0 0 0 0 
172	10,	14	: 0 0 0 2 2 2 2 2 2 2 0 0 0 0 0 
173	10,	16	: 0 0 0 2 2 2 2 2 2 2 2 0 0 0 0 
174	10,	18	: 0 0 0 2 2 2 2 2 2 2 2 2 0 0 0 
175	10,	6	: 0 0 0 0 2 2 2 0 0 0 0 0 0 0 0 
176	10,	8	: 0 0 0 0 2 2 2 2 0 0 0 0 0 0 0 
177	10,	10	: 0 0 0 0 2 2 2 2 2 0 0 0 0 0 0 
178	10,	12	: 0 0 0 0 2 2 2 2 2 2 0 0 0 0 0 
179	10,	14	: 0 0 0 0 2 2 2 2 2 2 2 0 0 0 0 
180	10,	16	: 0 0 0 0 2 2 2 2 2 2 2 2 0 0 0 
181	10,	6	: 0 0 0 0 0 2 2 2 0 0 0 0 0 0 0 
182	10,	8	: 0 0 0 0 0 2 2 2 2 0 0 0 0 0 0 
183	10,	10	: 0 0 0 0 0 2 2 2 2 2 0 0 0 0 0 
184	10,	12	: 0 0 0 0 0 2 2 2 2 2 2 0 0 0 0 
185	10,	14	: 0 0 0 0 0 2 2 2 2 2 2 2 0 0 0 
186	10,	6	: 0 0 0 0 0 0 2 2 2 0 0 0 0 0 0 
187	10,	8	: 0 0 0 0 0 0 2 2 2 2 0 0 0 0 0 
188	10,	10	: 0 0 0 0 0 0 2 2 2 2 2 0 0 0 0 
189	10,	12	: 0 0 0 0 0 0 2 2 2 2 2 2 0 0 0 
190	10,	6	: 0 0 0 0 0 0 0 2 2 2 0 0 0 0 0 
191	10,	8	: 0 0 0 0 0 0 0 2 2 2 2 0 0 0 0 
192	10,	10	: 0 0 0 0 0 0 0 2 2 2 2 2 0 0 0 
193	10,	6	: 0 0 0 0 0 0 0 0 2 2 2 0 0 0 0 
194	10,	8	: 0 0 0 0 0 0 0 0 2 2 2 2 0 0 0 
195	10,	6	: 0 0 0 0 0 0 0 0 0 2 2 2 0 0 0 
196	11,	6	: 3 3 0 0 0 0 0 0 0 0 0 0 0 0 0 
197	11,	9	: 3 3 3 0 0 0 0 0 0 0 0 0 0 0 0 
198	11,	12	: 3 3 3 3 0 0 0 0 0 0 0 0 0 0 0 
199	11,	15	: 3 3 3 3 3 0 0 0 0 0 0 0 0 0 0 
200	11,	18	: 3 3 3 3 3 3 0 0 0 0 0 0 0 0 0 
201	11,	6	: 0 3 3 0 0 0 0 0 0 0 0 0 0 0 0 
202	11,	9	: 0 3 3 3 0 0 0 0 0 0 0 0 0 0 0 
203	11,	12	: 0 3 3 3 3 0 0 0 0 0 0 0 0 0 0 
204	11,	15	: 0 3 3 3 3 3 0 0 0 0 0 0 0 0 0 
205	11,	18	: 0 3 3 3 3 3 3 0 0 0 0 0 0 0 0 
206	11,	6	: 0 0 3 3 0 0 0 0 0 0 0 0 0 0 0 
207	11,	9	: 0 0 3 3 3 0 0 0 0 0 0 0 0 0 0 
208	11,	12	: 0 0 3 3 3 3 0 0 0 0 0 0 0 0 0 
209	11,	15	: 0 0 3 3 3 3 3 0 0 0 0 0 0 0 0 
210	11,	18	: 0 0 3 3 3 3 3 3 0 0 0 0 0 0 0 
211	11,	6	: 0 0 0 3 3 0 0 0 0 0 0 0 0 0 0 
212	11,	9	: 0 0 0 3 3 3 0 0 0 0 0 0 0 0 0 
213	11,	12	: 0 0 0 3 3 3 3 0 0 0 0 0 0 0 0 
214	11,	15	: 0 0 0 3 3 3 3 3 0 0 0 0 0 0 0 
215	11,	18	: 0 0 0 3 3 3 3 3 3 0 0 0 0 0 0 
216	11,	6	: 0 0 0 0 3 3 0 0 0 0 0 0 0 0 0 
217	11,	9	: 0 0 0 0 3 3 3 0 0 0 0 0 0 0 0 
218	11,	12	: 0 0 0 0 3 3 3 3 0 0 0 0 0 0 0 
219	11,	15	: 0 0 0 0 3 3 3 3 3 0 0 0 0 0 0 
220	11,	18	: 0 0 0 0 3 3 3 3 3 3 0 0 0 0 0 
221	11,	6	: 0 0 0 0 0 3 3 0 0 0 0 0 0 0 0 
222	11,	9	: 0 0 0 0 0 3 3 3 0 0 0 0 0 0 0 
223	11,	12	: 0 0 0 0 0 3 3 3 3 0 0 0 0 0 0 
224	11,	15	: 0 0 0 0 0 3 3 3 3 3 0 0 0 0 0 
225	11,	18	: 0 0 0 0 0 3 3 3 3 3 3 0 0 0 0 
226	11,	6	: 0 0 0 0 0 0 3 3 0 0 0 0 0 0 0 
227	11,	9	: 0 0 0 0 0 0 3 3 3 0 0 0 0 0 0 
228	11,	12	: 0 0 0 0 0 0 3 3 3 3 0 0 0 0 0 
229	11,	15	: 0 0 0 0 0 0 3 3 3 3 3 0 0 0 0 
230	11,	18	: 0 0 0 0 0 0 3 3 3 3 3 3 0 0 0 
231	11,	6	: 0 0 0 0 0 0 0 3 3 0 0 0 0 0 0 
232	11,	9	: 0 0 0 0 0 0 0 3 3 3 0 0 0 0 0 
233	11,	12	: 0 0 0 0 0 0 0 3 3 3 3 0 0 0 0 
234	11,	15	: 0 0 0 0 0 0 0 3 3 3 3 3 0 0 0 
235	11,	6	: 0 0 0 0 0 0 0 0 3 3 0 0 0 0 0 
236	11,	9	: 0 0 0 0 0 0 0 0 3 3 3 0 0 0 0 
237	11,	12	: 0 0 0 0 0 0 0 0 3 3 3 3 0 0 0 
238	11,	6	: 0 0 0 0 0 0 0 0 0 3 3 0 0 0 0 
239	11,	9	: 0 0 0 0 0 0 0 0 0 3 3 3 0 0 0 
240	11,	6	: 0 0 0 0 0 0 0 0 0 0 3 3 0 0 0 
241	12,	8	: 3 3 0 0 0 0 0 0 0 0 0 0 0 0 0 
242	12,	12	: 3 3 3 0 0 0 0 0 0 0 0 0 0 0 0 
243	12,	16	: 3 3 3 3 0 0 0 0 0 0 0 0 0 0 0 
244	12,	20	: 3 3 3 3 3 0 0 0 0 0 0 0 0 0 0 
245	12,	8	: 0 3 3 0 0 0 0 0 0 0 0 0 0 0 0 
246	12,	12	: 0 3 3 3 0 0 0 0 0 0 0 0 0 0 0 
247	12,	16	: 0 3 3 3 3 0 0 0 0 0 0 0 0 0 0 
248	12,	20	: 0 3 3 3 3 3 0 0 0 0 0 0 0 0 0 
249	12,	8	: 0 0 3 3 0 0 0 0 0 0 0 0 0 0 0 
250	12,	12	: 0 0 3 3 3 0 0 0 0 0 0 0 0 0 0 
251	12,	16	: 0 0 3 3 3 3 0 0 0 0 0 0 0 0 0 
252	12,	20	: 0 0 3 3 3 3 3 0 0 0 0 0 0 0 0 
253	12,	8	: 0 0 0 3 3 0 0 0 0 0 0 0 0 0 0 
254	12,	12	: 0 0 0 3 3 3 0 0 0 0 0 0 0 0 0 
255	12,	16	: 0 0 0 3 3 3 3 0 0 0 0 0 0 0 0 
256	12,	20	: 0 0 0 3 3 3 3 3 0 0 0 0 0 0 0 
257	12,	8	: 0 0 0 0 3 3 0 0 0 0 0 0 0 0 0 
258	12,	12	: 0 0 0 0 3 3 3 0 0 0 0 0 0 0 0 
259	12,	16	: 0 0 0 0 3 3 3 3 0 0 0 0 0 0 0 
260	12,	20	: 0 0 0 0 3 3 3 3 3 0 0 0 0 0 0 
261	12,	8	: 0 0 0 0 0 3 3 0 0 0 0 0 0 0 0 
262	12,	12	: 0 0 0 0 0 3 3 3 0 0 0 0 0 0 0 
263	12,	16	: 0 0 0 0 0 3 3 3 3 0 0 0 0 0 0 
264	12,	20	: 0 0 0 0 0 3 3 3 3 3 0 0 0 0 0 
265	12,	8	: 0 0 0 0 0 0 3 3 0 0 0 0 0 0 0 
266	12,	12	: 0 0 0 0 0 0 3 3 3 0 0 0 0 0 0 
267	12,	16	: 0 0 0 0 0 0 3 3 3 3 0 0 0 0 0 
268	12,	20	: 0 0 0 0 0 0 3 3 3 3 3 0 0 0 0 
269	12,	8	: 0 0 0 0 0 0 0 3 3 0 0 0 0 0 0 
270	12,	12	: 0 0 0 0 0 0 0 3 3 3 0 0 0 0 0 
271	12,	16	: 0 0 0 0 0 0 0 3 3 3 3 0 0 0 0 
272	12,	20	: 0 0 0 0 0 0 0 3 3 3 3 3 0 0 0 
273	12,	8	: 0 0 0 0 0 0 0 0 3 3 0 0 0 0 0 
274	12,	12	: 0 0 0 0 0 0 0 0 3 3 3 0 0 0 0 
275	12,	16	: 0 0 0 0 0 0 0 0 3 3 3 3 0 0 0 
276	12,	8	: 0 0 0 0 0 0 0 0 0 3 3 0 0 0 0 
277	12,	12	: 0 0 0 0 0 0 0 0 0 3 3 3 0 0 0 
278	12,	8	: 0 0 0 0 0 0 0 0 0 0 3 3 0 0 0 
279	13,	10	: 3 3 0 0 0 0 0 0 0 0 0 0 0 0 0 
280	13,	15	: 3 3 3 0 0 0 0 0 0 0 0 0 0 0 0 
281	13,	20	: 3 3 3 3 0 0 0 0 0 0 0 0 0 0 0 
282	13,	10	: 0 3 3 0 0 0 0 0 0 0 0 0 0 0 0 
283	13,	15	: 0 3 3 3 0 0 0 0 0 0 0 0 0 0 0 
284	13,	20	: 0 3 3 3 3 0 0 0 0 0 0 0 0 0 0 
285	13,	10	: 0 0 3 3 0 0 0 0 0 0 0 0 0 0 0 
286	13,	15	: 0 0 3 3 3 0 0 0 0 0 0 0 0 0 0 
287	13,	20	: 0 0 3 3 3 3 0 0 0 0 0 0 0 0 0 
288	13,	10	: 0 0 0 3 3 0 0 0 0 0 0 0 0 0 0 
289	13,	15	: 0 0 0 3 3 3 0 0 0 0 0 0 0 0 0 
290	13,	20	: 0 0 0 3 3 3 3 0 0 0 0 0 0 0 0 
291	13,	10	: 0 0 0 0 3 3 0 0 0 0 0 0 0 0 0 
292	13,	15	: 0 0 0 0 3 3 3 0 0 0 0 0 0 0 0 
293	13,	20	: 0 0 0 0 3 3 3 3 0 0 0 0 0 0 0 
294	13,	10	: 0 0 0 0 0 3 3 0 0 0 0 0 0 0 0 
295	13,	15	: 0 0 0 0 0 3 3 3 0 0 0 0 0 0 0 
296	13,	20	: 0 0 0 0 0 3 3 3 3 0 0 0 0 0 0 
297	13,	10	: 0 0 0 0 0 0 3 3 0 0 0 0 0 0 0 
298	13,	15	: 0 0 0 0 0 0 3 3 3 0 0 0 0 0 0 
299	13,	20	: 0 0 0 0 0 0 3 3 3 3 0 0 0 0 0 
300	13,	10	: 0 0 0 0 0 0 0 3 3 0 0 0 0 0 0 
301	13,	15	: 0 0 0 0 0 0 0 3 3 3 0 0 0 0 0 
302	13,	20	: 0 0 0 0 0 0 0 3 3 3 3 0 0 0 0 
303	13,	10	: 0 0 0 0 0 0 0 0 3 3 0 0 0 0 0 
304	13,	15	: 0 0 0 0 0 0 0 0 3 3 3 0 0 0 0 
305	13,	20	: 0 0 0 0 0 0 0 0 3 3 3 3 0 0 0 
306	13,	10	: 0 0 0 0 0 0 0 0 0 3 3 0 0 0 0 
307	13,	15	: 0 0 0 0 0 0 0 0 0 3 3 3 0 0 0 
308	13,	10	: 0 0 0 0 0 0 0 0 0 0 3 3 0 0 0 
309	14,	1	: 1 0 0 0 0 0 0 0 0 0 0 0 0 0 0 
310	14,	1	: 0 1 0 0 0 0 0 0 0 0 0 0 0 0 0 
311	14,	1	: 0 0 1 0 0 0 0 0 0 0 0 0 0 0 0 
312	14,	1	: 0 0 0 1 0 0 0 0 0 0 0 0 0 0 0 
313	14,	1	: 0 0 0 0 1 0 0 0 0 0 0 0 0 0 0 
314	14,	1	: 0 0 0 0 0 1 0 0 0 0 0 0 0 0 0 
315	14,	1	: 0 0 0 0 0 0 1 0 0 0 0 0 0 0 0 
316	14,	1	: 0 0 0 0 0 0 0 1 0 0 0 0 0 0 0 
317	14,	1	: 0 0 0 0 0 0 0 0 1 0 0 0 0 0 0 
318	14,	1	: 0 0 0 0 0 0 0 0 0 1 0 0 0 0 0 
319	14,	1	: 0 0 0 0 0 0 0 0 0 0 1 0 0 0 0 
320	14,	1	: 0 0 0 0 0 0 0 0 0 0 0 1 0 0 0 
321	14,	1	: 0 0 0 0 0 0 0 0 0 0 0 0 1 0 0 
322	14,	1	: 0 0 0 0 0 0 0 0 0 0 0 0 0 1 0 
323	14,	1	: 0 0 0 0 0 0 0 0 0 0 0 0 0 0 1 
324	15,	2	: 2 0 0 0 0 0 0 0 0 0 0 0 0 0 0 
325	15,	2	: 0 2 0 0 0 0 0 0 0 0 0 0 0 0 0 
326	15,	2	: 0 0 2 0 0 0 0 0 0 0 0 0 0 0 0 
327	15,	2	: 0 0 0 2 0 0 0 0 0 0 0 0 0 0 0 
328	15,	2	: 0 0 0 0 2 0 0 0 0 0 0 0 0 0 0 
329	15,	2	: 0 0 0 0 0 2 0 0 0 0 0 0 0 0 0 
330	15,	2	: 0 0 0 0 0 0 2 0 0 0 0 0 0 0 0 
331	15,	2	: 0 0 0 0 0 0 0 2 0 0 0 0 0 0 0 
332	15,	2	: 0 0 0 0 0 0 0 0 2 0 0 0 0 0 0 
333	15,	2	: 0 0 0 0 0 0 0 0 0 2 0 0 0 0 0 
334	15,	2	: 0 0 0 0 0 0 0 0 0 0 2 0 0 0 0 
335	15,	2	: 0 0 0 0 0 0 0 0 0 0 0 2 0 0 0 
336	15,	2	: 0 0 0 0 0 0 0 0 0 0 0 0 2 0 0 
